# Created by Octave 4.0.0, Sun Nov 20 18:54:23 2016 IST <pratik@pratik-HP-ProBook-6470b>
# name: x
# type: matrix
# rows: 256
# columns: 1
 -0.3918298033743607
 0.3126426468911054
 0.2050187362499652
 -0.31563485878189
 0.1150391968825803
 0.4373738661855775
 -0.2641977012115989
 -0.323783605590815
 0.3050898190945289
 -0.01954099183505122
 -0.3049623581012038
 0.2846539936048719
 0.1783784074981103
 -0.3209712683213496
 0.06402183436821286
 0.2194147622074216
 -0.2726670067106378
 -0.1693832781329349
 0.2501694963556327
 0.1344578348282418
 -0.08233502893493941
 0.01946371845361954
 0.1231745628299811
 -0.08627763122979133
 -0.287371186614805
 -0.04807943582913803
 0.1867307436726569
 0.06722673838114177
 0.03097356230293401
 0.06372725333022795
 -0.02309984178312684
 -0.02734850711289021
 -0.1041925046345651
 -0.1285819735160897
 0.1637811942359989
 0.1203700326673105
 -0.1627296564100514
 0.07396209526846079
 0.1219011339967725
 -0.2365427322858436
 -0.02613520377490602
 0.164587540890924
 -0.175852907861757
 0.0209346694663617
 0.3685364918157685
 -0.07201445403127615
 -0.2721476498101219
 0.1326209026190177
 0.03209648025856741
 -0.3416429172107056
 -0.03975547399997483
 0.409759995708299
 0.1216486561939637
 -0.2698995961532676
 0.05916168992464243
 0.2066643230951681
 -0.3091242815582831
 -0.1931016971711157
 0.3502576459021449
 0.02552327588777807
 -0.2137791677691836
 0.2209070009938665
 0.03653643863430105
 -0.3184448310443752
 0.09112980658572886
 0.1631152333984058
 -0.2074327801078193
 0.0300944424031857
 0.2982444711869414
 0.0001726747172871284
 -0.1923112632506742
 -0.0513913124398357
 0.03275043950142714
 -0.09552111451032609
 -0.1372263905201733
 0.1684401306164988
 0.2813768304513624
 -0.05328244598252879
 -0.1359660828882912
 0.02028158533333752
 -0.05683168426655315
 -0.07954535243471587
 0.01797069889075633
 0.05382656657282802
 0.1286073321505867
 0.009311180705873922
 -0.1664066379713871
 0.01905656580289201
 0.03896628812679605
 -0.1409874284768759
 0.09128202744683493
 0.1524851667275238
 -0.1073774817459392
 0.09852026425695957
 0.1501253058063682
 -0.3081927595658693
 -0.1728271167821888
 0.2207175076369197
 -0.04262073687089431
 -0.1442310079347748
 0.2593675956261302
 0.2431092292992253
 -0.182268604791784
 -0.2325321042213802
 0.07117825787979788
 0.06613292473427257
 -0.1632495743154894
 0.05093917891591705
 0.2606795452331501
 -0.08916733360717606
 -0.1551557767619489
 0.1113608365211312
 -0.0993548440445516
 -0.1281946495149292
 0.2431858845142943
 0.04323726229361937
 -0.1574025523742252
 0.1935616041520495
 0.07851630371747699
 -0.2886570820526295
 -0.0795648441011861
 0.07257147645102474
 -0.0377781979182456
 0.06650710956827591
 0.1223568174345627
 0.05391104227506858
 0.0473642388470956
 -0.09626055852826669
 -0.2032787945159923
 -0.02247051065702227
 0.1386424745636795
 0.06169401361292075
 -0.06718106269633527
 0.03766840287413875
 0.1438474449175303
 -0.1702541827597968
 -0.2467631358167905
 0.2296681958144574
 0.1496180694955873
 -0.2259280679735164
 0.1436809952575655
 0.229283338312109
 -0.2849736318172994
 -0.08236920699945548
 0.177180008205141
 -0.2653806731205162
 -0.1098479560961839
 0.4109015250228084
 0.05340829224305035
 -0.2301988749897031
 0.1817564329990072
 0.1286893128034799
 -0.3660080003198813
 -0.1958885533587979
 0.3173548253538369
 0.1466336434485305
 -0.2357309904300507
 0.06775360562195815
 0.2386371682395326
 -0.2607584785383666
 -0.209005190865444
 0.2680983750058677
 0.01287287978589562
 -0.12598490360474
 0.2585017298129663
 0.01646392962876398
 -0.2747211768984681
 0.1027407293078733
 0.03885315818790164
 -0.2911621045349205
 0.05110356493152939
 0.2663773928193979
 0.005910659056522067
 -0.007375687225841603
 0.06001099010350872
 -0.06100336043237507
 -0.1111503807569325
 -0.09677883993931018
 -0.01548261798726464
 0.1352586033132624
 0.1354498863947637
 -0.01918934039845437
 -0.1319751074167756
 -0.02490347956645724
 0.09012170764101129
 -0.1275200410863882
 -0.1018311933078489
 0.3349412039698643
 0.1132398762647373
 -0.3323770819626274
 0.0755288870748624
 0.1788586705699099
 -0.3542981834534089
 -0.074071315172027
 0.3189009513843098
 -0.1139954066534514
 -0.05296266403522413
 0.3801851738601347
 -0.05778936829531898
 -0.3734184624643033
 0.1045281645940465
 0.1347833891334591
 -0.285985650485695
 -0.03093925711871305
 0.4384646642149565
 0.05770284370766196
 -0.4198885787168949
 0.02556682116515841
 0.2915624050102649
 -0.2683443957733824
 -0.1618575930127204
 0.4520281147683948
 0.05741651086914588
 -0.3287569794831859
 0.1353065269574521
 0.0574374729799786
 -0.3238270809671893
 0.05161425740170126
 0.2093540977681056
 -0.1170525182780997
 0.03837405719878136
 0.249201330417938
 -0.02540329463579629
 -0.2136871847490035
 -0.08058595888033919
 0.06355355019379831
 -0.01096437803666145
 -0.09922469602316369
 0.1469672728607634
 0.2410654358459753
 -0.1449450433568023
 -0.2335951910678254
 0.06106411642029812
 0.07215192539178278
 -0.03330883170846682
 0.02755490927417969
 0.1107939192445336
 0.09768509600166715
 -0.1419343410336425
 -0.2199276287899268
 0.09780925499251659
 0.05154238875546358
 -0.1751179929680894
 0.1669778978050719
 0.2269804674600565
 -0.1774050422564221
 0.03044880646922912
 0.1751570002203573
 -0.3207542967690469
 -0.1948737016668515
 0.3132740119706711
 0.03128844140502431
 -0.206807144080524
 0.2047010693449796
 0.2254011779307526
 -0.2824740073679018


# name: X
# type: matrix
# rows: 256
# columns: 1
 0
 0
 0
 0
 0
 0
 0
 0
 0
 0
 0
 0
 0
 0
 0
 0
 0
 0
 0
 0
 0
 0
 0
 0
 0
 0
 0
 0
 0
 0
 0
 0
 0
 0
 0
 0
 0
 0
 0
 0
 0
 0
 0
 -0.2129221669860753
 0
 0
 0
 0
 0
 0
 0
 0
 0
 0
 0
 0
 0
 0
 0
 0
 0
 0
 0
 0
 -0.9753094670743065
 0
 0
 0
 0
 0
 0
 0
 0
 0
 0
 0
 0
 0
 0
 0
 0
 0
 -0.01745231191192468
 0
 -0.2677575300212688
 0
 0
 0
 0
 0
 0
 0
 0
 0
 0
 0
 0
 0
 0
 0
 0
 0
 0
 0
 0
 0
 0
 0
 0
 0
 0
 0
 0
 0
 0
 0
 0
 0
 0
 0
 0
 0
 0
 0
 -0.793470834359249
 0
 0
 0
 0
 0
 0
 0
 0
 0
 0
 0
 0
 0
 0
 0
 0
 0
 0
 0
 -1.648401252784367
 0
 -0.615767903621341
 0
 0
 0
 0
 -0.6877199294413293
 0
 0
 -1.800905134285908
 0
 0
 0
 0
 0
 0
 0
 0
 0
 0
 0
 0
 0
 0
 0
 0
 0
 0
 0
 0.8192525341775366
 0
 0
 0
 0
 0
 0
 0
 0
 0
 0
 0
 0
 0
 0
 0
 0
 0
 0
 0
 0
 0
 0
 0
 0
 0
 0
 0
 0
 0
 0
 0
 0
 0
 0
 0
 0
 0
 0
 0
 0
 0
 0
 0
 0
 0
 0
 0
 0
 0
 0
 0
 0
 0
 0
 0
 0
 0
 0
 0
 0
 0
 0
 0
 0
 0
 0
 0
 0
 0
 0
 0
 0
 0
 0
 0
 0
 0
 0
 0
 0
 0


