# Created by Octave 4.0.0, Sun Nov 20 18:43:48 2016 IST <pratik@pratik-HP-ProBook-6470b>
# name: idx
# type: matrix
# rows: 60
# columns: 1
 5
 13
 15
 21
 24
 28
 32
 37
 39
 42
 51
 54
 55
 71
 74
 78
 79
 80
 84
 92
 98
 101
 105
 107
 109
 120
 125
 128
 131
 132
 134
 136
 147
 149
 150
 154
 155
 174
 189
 195
 197
 198
 199
 201
 202
 213
 214
 215
 221
 224
 225
 226
 229
 235
 238
 243
 245
 250
 254
 256


# name: y
# type: matrix
# rows: 60
# columns: 1
 0.1150391968825803
 0.1783784074981103
 0.06402183436821286
 -0.08233502893493941
 -0.08627763122979133
 0.06722673838114177
 -0.02734850711289021
 -0.1627296564100514
 0.1219011339967725
 0.164587540890924
 -0.03975547399997483
 -0.2698995961532676
 0.05916168992464243
 -0.1923112632506742
 -0.09552111451032609
 -0.05328244598252879
 -0.1359660828882912
 0.02028158533333752
 0.05382656657282802
 0.1524851667275238
 0.2207175076369197
 0.2593675956261302
 0.07117825787979788
 -0.1632495743154894
 0.2606795452331501
 -0.2886570820526295
 0.1223568174345627
 -0.09626055852826669
 0.1386424745636795
 0.06169401361292075
 0.03766840287413875
 -0.1702541827597968
 -0.1098479560961839
 0.05340829224305035
 -0.2301988749897031
 -0.1958885533587979
 0.3173548253538369
 -0.007375687225841603
 0.1132398762647373
 0.3189009513843098
 -0.05296266403522413
 0.3801851738601347
 -0.05778936829531898
 0.1045281645940465
 0.1347833891334591
 0.05741651086914588
 -0.3287569794831859
 0.1353065269574521
 0.03837405719878136
 -0.2136871847490035
 -0.08058595888033919
 0.06355355019379831
 0.1469672728607634
 -0.03330883170846682
 0.09768509600166715
 -0.1751179929680894
 0.2269804674600565
 -0.1948737016668515
 0.2047010693449796
 -0.2824740073679018


